Codigo.INE	Municipio	Tasa.actividad.2001	Lineas.ADSL.2007	Edad.media.2007	Renta.familiar.por.habitante.2003	Crecimiento.vegetativo.2006	Numero.parados.2007	Poblacion.2007	Poblacion.2006	Poblacion.2003	Poblacion.2001
4001	Abla	47,05	44	44,3	Entre 8.300 y 9.300	-7	49	1514	1505	1480	1517
4002	Abrucena	49,42	20	44,4	Entre 8.300 y 9.300	-5	39	1379	1339	1391	1437
4003	Adra	62,1	2200	36	Entre 9.300 y 10.200	131	1159	23742	23545	21704	21810
4004	Albánchez	43,66	38	50,1	..	-7	7	697	660	638	575
4005	Alboloduy	51,5	15	48,3	..	-3	26	728	727	765	800
4006	Albox	52,86	1128	40	Entre 9.300 y 10.200	31	361	11166	11000	10409	9661
4007	Alcolea	55,69	18	44,8	Entre 7.200 y 8.300	-5	38	957	967	1018	906
4008	Alcóntar	45,22	0	49,3	..	-4	12	611	617	627	656
4009	Alcudia de Monteagud	40,12	0	50,9	..	0	0	154	142	152	193
4010	Alhabia	50,79	6	41,3	..	3	31	710	703	676	683
4011	Alhama de Almería	52,28	414	38,7	Entre 9.300 y 10.200	-16	159	3587	3522	3253	3201
4012	Alicún	40,61	3	42,8	..	-3	7	272	258	242	235
4013	Almería	57,89	18118	37,5	Entre 10.200 y 11.300	1168	10877	186651	185309	176727	170994
4014	Almócita	43,59	6	52	..	-3	3	158	156	161	166
4015	Alsodux	33,65	0	51,9	..	-3	2	176	131	109	113
4016	Antas	53,45	416	39,1	Entre 10.200 y 11.300	7	97	3244	3157	3026	2844
4017	Arboleas	41,89	122	48,1	Entre 9.300 y 10.200	2	61	3904	3402	2000	1615
4018	Armuña de Almanzora	40,44	22	45,6	..	3	13	333	321	303	327
4019	Bacares	50,81	0	47,5	..	-5	5	308	290	287	295
4020	Bayárcal	48,49	0	48,6	..	-1	7	273	277	315	329
4021	Bayarque	43,2	8	49,3	..	-1	10	244	237	233	241
4022	Bédar	36,39	57	49,1	..	-4	22	910	824	668	597
4023	Beires	33,82	1	60,8	..	-2	0	128	128	121	138
4024	Benahadux	60,79	648	35,8	Entre 9.300 y 10.200	31	187	3570	3396	2983	2888
4026	Benitagla	26,92	0	57,2	..	1	1	98	66	68	89
4027	Benizalón	39,26	2	48,6	..	-4	10	293	295	305	291
4028	Bentarique	49,25	0	47,3	..	-1	13	284	284	281	308
4029	Berja	57,4	1434	36,8	Entre 9.300 y 10.200	58	772	14508	14450	13670	13331
4030	Canjáyar	57,92	106	47,1	Entre 8.300 y 9.300	-11	46	1544	1561	1582	1656
4031	Cantoria	44,77	192	44,1	Entre 9.300 y 10.200	-6	119	3838	3703	3230	3147
4032	Carboneras	54,49	957	35,7	Entre 10.200 y 11.300	55	272	7570	7508	6996	6660
4033	Castro de Filabres	37,74	0	50,9	..	-1	0	166	155	166	170
4034	Cóbdar	33,5	1	51,9	..	0	1	202	192	233	221
4035	Cuevas del Almanzora	59,65	1174	38,6	Entre 9.300 y 10.200	51	510	11649	11422	10695	10155
4036	Chercos	37,01	0	45,5	..	1	9	306	300	286	297
4037	Chirivel	44,71	33	48,4	Entre 8.300 y 9.300	-12	36	1794	1845	1776	1797
4038	Dalías	62,05	325	39,8	Entre 9.300 y 10.200	-6	128	3848	3807	3660	3679
4041	Enix	51,41	8	46,6	..	4	6	484	335	302	283
4043	Felix	44,62	26	46	..	-7	18	626	513	557	562
4044	Fines	53,62	229	37,4	Entre 9.300 y 10.200	5	88	2190	2106	1903	1783
4045	Fiñana	45,35	40	43	Entre 8.300 y 9.300	-9	100	2426	2422	2450	2514
4046	Fondón	42,42	62	45,1	..	-6	39	999	950	943	957
4047	Gádor	51,82	310	38,6	Entre 8.300 y 9.300	15	139	3100	2959	2717	2649
4048	Gallardos (Los)	48,74	256	43,8	Entre 9.300 y 10.200	-6	93	3429	3126	2252	1897
4049	Garrucha	56,33	1220	35	Entre 11.300 y 12.100	78	365	7920	7398	6123	5465
4050	Gérgal	47,4	50	45,8	Entre 8.300 y 9.300	-10	30	1093	1042	1062	1050
4051	Huécija	43,71	24	43,8	..	-2	9	548	533	551	551
4052	Huércal de Almería	67,24	1939	31,6	Entre 10.200 y 11.300	229	731	12757	11816	9298	7568
4053	Huércal-Overa	56,58	1687	39,4	Entre 9.300 y 10.200	62	712	16360	16170	15059	14293
4054	Illar	41,19	3	49,1	..	-6	7	434	410	435	458
4055	Instinción	42,44	5	47,9	..	-6	20	510	508	533	538
4056	Laroya	42,22	3	43,3	..	1	3	138	128	102	98
4057	Láujar de Andarax	48,79	163	42,4	Entre 9.300 y 10.200	7	66	1804	1798	1827	1808
4058	Líjar	43,65	14	43,8	..	1	23	496	498	514	519
4059	Lubrín	42,51	35	50,1	Entre 9.300 y 10.200	-12	58	1768	1733	1636	1673
4060	Lucainena de las Torres	48,65	0	46,5	..	-3	17	664	676	621	670
4061	Lúcar	48,24	55	44,7	..	-4	32	847	806	791	787
4062	Macael	52,09	681	37,7	Entre 9.300 y 10.200	23	234	6149	6055	5893	5786
4063	María	48,19	31	45,6	Entre 8.300 y 9.300	-19	34	1504	1532	1595	1643
4064	Mojácar	49,64	1371	42,8	Entre 12.100 y 12.700	13	219	6507	6406	5959	4983
4065	Nacimiento	37,33	11	52,1	..	-6	7	462	452	466	509
4066	Níjar	67,02	2146	34	Entre 9.300 y 10.200	221	895	25287	26070	20810	18371
4067	Ohanes	42,1	13	48,4	..	-9	17	772	765	766	749
4068	Olula de Castro	43,87	0	51,6	..	-1	3	229	191	165	189
4069	Olula del Río	53,8	790	37,6	Entre 10.200 y 11.300	16	312	6446	6405	6338	6049
4070	Oria	40,78	0	46,2	Entre 9.300 y 10.200	-17	59	2777	2619	2293	2128
4071	Padules	42,69	26	50,8	..	0	9	536	523	449	475
4072	Partaloa	40,25	1	51,1	..	-2	9	746	679	469	377
4073	Paterna del Río	44,28	0	48,2	..	-3	6	491	406	419	386
4074	Pechina	60,83	417	36,1	Entre 9.300 y 10.200	21	181	3514	3463	3024	2836
4075	Pulpí	66,25	742	36,5	Entre 9.300 y 10.200	81	189	7911	7537	7353	5997
4076	Purchena	48,94	141	40,9	Entre 9.300 y 10.200	-7	60	1621	1653	1676	1602
4077	Rágol	48,1	6	47,1	..	-2	4	376	365	386	391
4078	Rioja	57,11	157	37,8	Entre 9.300 y 10.200	3	74	1407	1363	1213	1199
4079	Roquetas de Mar	69,97	12145	32,9	Entre 10.200 y 11.300	845	3537	71279	71740	53815	47570
4080	Santa Cruz de Marchena	42,47	0	53,8	..	-1	11	241	245	204	209
4081	Santa Fe de Mondújar	41,78	23	44,8	..	6	22	494	468	437	458
4082	Senés	45,17	0	51,6	..	-2	6	352	331	309	323
4083	Serón	41,08	38	46,5	Entre 9.300 y 10.200	-12	56	2456	2422	2414	2495
4084	Sierro	40,16	2	45,1	..	-7	15	461	472	452	472
4085	Somontín	41,47	16	45,6	..	-3	17	543	529	501	506
4086	Sorbas	54,79	72	43,6	Entre 8.300 y 9.300	7	106	2842	2836	2749	2651
4087	Suflí	41,95	17	42	..	0	7	280	253	242	251
4088	Tabernas	59,63	264	40,4	Entre 8.300 y 9.300	8	154	3579	3494	3110	3204
4089	Taberno	39,17	23	46,8	Entre 8.300 y 9.300	-4	31	1128	1106	1032	990
4090	Tahal	40	0	46,9	..	-2	11	441	416	373	395
4091	Terque	41,21	13	46,3	..	-11	19	472	440	470	456
4092	Tíjola	53,97	350	38,5	Entre 9.300 y 10.200	4	144	3949	3877	3798	3787
4093	Turre	51,39	315	42,1	Entre 9.300 y 10.200	2	135	3264	3045	2547	2365
4094	Turrillas	51,63	2	46,6	..	1	3	229	249	235	249
4095	Uleila del Campo	51,21	34	45,4	..	-10	39	1003	1003	995	979
4096	Urrácal	49,32	5	46,5	..	-5	11	349	347	330	341
4097	Velefique	37,66	0	52,1	..	-4	6	327	250	284	318
4098	Vélez-Blanco	44,5	52	46,4	Entre 9.300 y 10.200	-16	49	2219	2165	2052	2043
4099	Vélez-Rubio	48,2	603	42,9	Entre 9.300 y 10.200	-29	230	7062	7025	6736	6472
4100	Vera	60,46	1841	34,9	Entre 10.200 y 11.300	125	478	12256	11159	8717	7351
4101	Viator	59,92	905	34,8	Entre 10.200 y 11.300	15	213	4448	4288	3793	3634
4102	Vícar	73,93	1798	32,4	Entre 8.300 y 9.300	209	966	20743	20220	16747	16523
4103	Zurgena	53,06	203	44,1	Entre 9.300 y 10.200	-3	73	2713	2461	2184	2099
4901	Tres Villas (Las)	48,71	0	49,9	..	1	8	682	581	663	601
4902	Ejido (El)	72,95	6769	32,7	Entre 9.300 y 10.200	796	3278	78105	75969	61265	55710
4903	Mojonera (La)	74,21	789	32,5	Entre 9.300 y 10.200	83	290	7872	7847	7670	6901
11001	Alcalá de los Gazules	48,34	396	37,7	Entre 7.200 y 8.300	15	481	5673	5650	5491	5596
11002	Alcalá del Valle	71,6	293	37,6	Hasta 7.200	32	203	5372	5382	5329	5292
11003	Algar	56,35	21	41,1	Entre 7.200 y 8.300	6	142	1588	1613	1640	1755
11004	Algeciras	53,94	7448	37,1	Entre 8.300 y 9.300	727	8529	114012	112937	108779	105066
11005	Algodonales	57,04	141	39,3	Hasta 7.200	9	417	5726	5706	5621	5612
11006	Arcos de la Frontera	53,04	2434	36,1	Entre 7.200 y 8.300	202	2969	30508	29905	28735	28104
11007	Barbate	52,11	2448	37,6	Entre 7.200 y 8.300	45	3190	22582	22602	22264	21914
11008	Barrios (Los)	59,16	2887	34,9	Entre 8.300 y 9.300	179	1528	21358	20871	18599	17283
11009	Benaocaz	56,55	24	38,9	..	-3	47	701	720	672	662
11010	Bornos	59,9	492	37	Hasta 7.200	23	444	8131	8140	8064	7979
11011	Bosque (El)	56,46	164	37	Entre 7.200 y 8.300	3	195	2035	2024	1977	1868
11012	Cádiz	51,48	7942	41,4	Entre 8.300 y 9.300	-61	11426	128554	130561	134989	137971
11013	Castellar de la Frontera	56,68	167	36,7	Entre 7.200 y 8.300	28	224	2995	2943	2677	2575
11014	Conil de la Frontera	51,2	2455	36,7	Entre 8.300 y 9.300	110	1225	20301	19890	18656	18036
11015	Chiclana de la Frontera	54,35	7192	34,7	Entre 8.300 y 9.300	730	4940	74261	72364	65694	61815
11016	Chipiona	55,78	1960	36,1	Entre 7.200 y 8.300	117	1712	18182	17952	17334	16814
11017	Espera	66,09	69	38,2	Hasta 7.200	6	208	3998	3949	3885	3934
11018	Gastor (El)	57,09	29	40,8	Hasta 7.200	-4	109	1901	1900	1957	1926
11019	Grazalema	49,56	84	40,6	Entre 7.200 y 8.300	-2	156	2218	2243	2200	2230
11020	Jerez de la Frontera	53,64	14255	37,1	Entre 8.300 y 9.300	1230	17634	202687	199544	191002	185091
11021	Jimena de la Frontera	52,25	1061	38,9	Entre 8.300 y 9.300	21	598	10025	9893	9343	9182
11022	Línea de la Concepción (La)	52,91	4636	38,1	Entre 7.200 y 8.300	311	6245	63663	63026	61892	60565
11023	Medina-Sidonia	53,64	901	37,1	Entre 7.200 y 8.300	51	1257	11320	11166	10811	10775
11024	Olvera	52,83	539	40,4	Hasta 7.200	-5	463	8643	8612	8584	8538
11025	Paterna de Rivera	55,11	198	35,4	Hasta 7.200	29	580	5520	5443	5325	5198
11026	Prado del Rey	57,64	419	38,2	Entre 7.200 y 8.300	24	716	6002	5994	5873	5829
11027	Puerto de Santa María (El)	55,83	8667	36,1	Entre 8.300 y 9.300	602	6444	85117	83101	79889	76538
11028	Puerto Real	55,05	2478	36,2	Entre 8.300 y 9.300	155	3733	38974	38354	37033	35723
11029	Puerto Serrano	67,45	129	33,8	Hasta 7.200	42	324	7005	6960	6859	6789
11030	Rota	55,09	3480	37	Entre 8.300 y 9.300	228	1907	27571	27270	26431	25919
11031	San Fernando	50,85	5594	36,8	Entre 8.300 y 9.300	633	8049	95026	93544	88490	88110
11032	Sanlúcar de Barrameda	55,47	2958	36,8	Entre 7.200 y 8.300	429	6248	63968	63509	62308	61737
11033	San Roque	55,95	5461	36,9	Entre 8.300 y 9.300	136	1993	27635	26569	25163	23570
11034	Setenil de las Bodegas	55,77	187	38,8	Hasta 7.200	-3	145	3007	3023	3014	3051
11035	Tarifa	56,54	2624	37,8	Entre 7.200 y 8.300	69	1769	17619	17478	16392	15764
11036	Torre Alháquime	64,13	10	42,1	..	0	39	875	874	890	924
11037	Trebujena	58,13	519	38,2	Hasta 7.200	14	514	6906	6911	6887	6943
11038	Ubrique	54,83	1336	39,1	Entre 7.200 y 8.300	45	2619	17162	17205	17478	17395
11039	Vejer de la Frontera	50,16	896	38,3	Entre 7.200 y 8.300	23	1445	12828	12801	12690	12729
11040	Villaluenga del Rosario	50,86	10	42,9	..	2	16	476	481	449	414
11041	Villamartín	59,62	761	36,3	Hasta 7.200	81	948	12362	12291	12069	11954
11042	Zahara	58,13	19	42,2	Hasta 7.200	-6	62	1529	1552	1506	1555
11901	Benalup-Casas Viejas	58,91	474	35	Entre 7.200 y 8.300	72	615	7038	6865	6610	6342
11902	San José del Valle	52,9	217	38,4	Entre 7.200 y 8.300	23	316	4289	4244	4173	4279
14001	Adamuz	59,53	310	40,7	Hasta 7.200	17	134	4469	4476	4423	4451
14002	Aguilar de la Frontera	56,35	935	39	Entre 7.200 y 8.300	23	681	13653	13657	13546	13435
14003	Alcaracejos	48,47	55	45,5	Entre 7.200 y 8.300	-18	104	1500	1485	1428	1430
14004	Almedinilla	54,58	58	42,4	Entre 7.200 y 8.300	-16	87	2510	2536	2565	2544
14005	Almodóvar del Río	60,52	615	38,3	Entre 7.200 y 8.300	75	478	7682	7487	7123	6978
14006	Añora	48,53	80	43,3	Entre 8.300 y 9.300	-9	95	1532	1534	1551	1606
14007	Baena	58,72	1257	37,8	Entre 7.200 y 8.300	60	706	21138	20507	19716	19692
14008	Belalcázar	43,2	195	44	Entre 7.200 y 8.300	-13	261	3546	3567	3646	3743
14009	Belmez	36,87	355	45,8	Entre 7.200 y 8.300	-5	276	3373	3327	3588	3817
14010	Benamejí	60,2	293	38,8	Hasta 7.200	5	147	5095	5072	4854	4800
14011	Blázquez (Los)	48,76	38	45,2	..	-5	89	688	691	681	702
14012	Bujalance	57,4	585	40,5	Hasta 7.200	-16	313	7841	7832	7995	8088
14013	Cabra	54,56	1850	40	Entre 8.300 y 9.300	16	1053	21087	20935	20724	20645
14014	Cañete de las Torres	55,64	113	42,4	Hasta 7.200	-5	91	3182	3211	3221	3310
14015	Carcabuey	44,32	277	43,3	Entre 7.200 y 8.300	-24	95	2752	2775	2800	2845
14016	Cardeña	47,52	95	44,6	Entre 7.200 y 8.300	-11	77	1717	1750	1755	1856
14017	Carlota (La)	59,14	920	37,5	Entre 7.200 y 8.300	79	631	12303	11906	10944	10518
14018	Carpio (El)	53,31	497	40,4	Entre 7.200 y 8.300	9	244	4516	4477	4463	4461
14019	Castro del Río	53,63	436	40,8	Entre 7.200 y 8.300	-15	265	8058	8074	8083	8029
14020	Conquista	43,32	9	50,3	..	-8	23	485	486	488	494
14021	Córdoba	54,52	30639	39,2	Entre 8.300 y 9.300	1179	26383	323600	322867	318628	314034
14022	Doña Mencía	57,13	391	40,3	Hasta 7.200	10	141	5002	5001	4981	4927
14023	Dos Torres	43,66	157	42,3	Entre 7.200 y 8.300	-3	137	2601	2592	2575	2597
14024	Encinas Reales	61,59	180	40	Entre 7.200 y 8.300	5	124	2438	2425	2364	2383
14025	Espejo	53,09	257	45	Entre 7.200 y 8.300	-30	93	3691	3749	3840	3920
14026	Espiel	46,77	185	42,7	Entre 7.200 y 8.300	-23	229	2447	2422	2434	2473
14027	Fernán-Núñez	51,45	632	39,8	Entre 7.200 y 8.300	34	521	9555	9502	9451	9484
14028	Fuente la Lancha	60,76	9	46,5	..	-4	32	417	415	413	410
14029	Fuente Obejuna	44,54	326	44,3	Entre 7.200 y 8.300	-32	702	5359	5409	5615	5817
14030	Fuente Palmera	64,81	566	37,2	Entre 7.200 y 8.300	25	394	10530	10356	10042	9861
14031	Fuente-Tójar	50,95	17	46,2	..	-8	24	799	795	800	808
14032	Granjuela (La)	41,4	21	45	..	0	68	526	501	502	500
14033	Guadalcázar	47,32	37	37,4	Entre 7.200 y 8.300	5	55	1331	1261	1196	1166
14034	Guijo (El)	41,18	0	49,7	..	0	19	406	404	405	389
14035	Hinojosa del Duque	43,58	455	43,4	Entre 7.200 y 8.300	-35	618	7506	7546	7744	7866
14036	Hornachuelos	62,16	242	38,8	Entre 7.200 y 8.300	3	160	4669	4662	4622	4746
14037	Iznájar	57,24	241	43,8	Entre 7.200 y 8.300	-19	130	4843	4865	4895	4964
14038	Lucena	55,57	3406	36,3	Entre 8.300 y 9.300	240	1953	40746	40143	38598	37016
14039	Luque	50,06	91	43,1	Entre 7.200 y 8.300	3	130	3306	3293	3271	3332
14040	Montalbán de Córdoba	61,51	112	41,1	Entre 8.300 y 9.300	6	97	4646	4621	4520	4561
14041	Montemayor	59,17	77	40,2	Entre 7.200 y 8.300	28	157	3984	3936	3826	3824
14042	Montilla	51,97	1798	39,9	Entre 8.300 y 9.300	30	1334	23650	23574	23245	23102
14043	Montoro	56,08	783	39	Entre 7.200 y 8.300	23	499	9752	9690	9509	9445
14044	Monturque	61,31	34	38,7	Hasta 7.200	4	64	1985	2001	1943	1981
14045	Moriles	58,13	232	38,1	Hasta 7.200	23	181	3989	3884	3808	3748
14046	Nueva Carteya	60,62	366	39,3	Hasta 7.200	-3	169	5567	5566	5590	5510
14047	Obejo	57,05	164	38,3	Entre 7.200 y 8.300	-3	119	1824	1791	1547	1554
14048	Palenciana	61,25	56	41,3	Hasta 7.200	8	54	1594	1584	1567	1572
14049	Palma del Río	56,22	1643	37,9	Entre 7.200 y 8.300	74	818	20855	20640	19693	19389
14050	Pedro Abad	60,82	291	40,4	Entre 7.200 y 8.300	-8	126	2924	2934	2905	2883
14051	Pedroche	52,05	35	44,6	Hasta 7.200	-38	94	1662	1677	1760	1815
14052	Peñarroya-Pueblonuevo	41,98	1412	42,2	Entre 7.200 y 8.300	-71	1230	11918	12050	12453	12740
14053	Posadas	56,8	790	39,2	Entre 7.200 y 8.300	16	338	7352	7360	7117	7032
14054	Pozoblanco	55,33	1839	39,2	Entre 8.300 y 9.300	12	1086	17307	17219	16612	16408
14055	Priego de Córdoba	56,28	2186	40,3	Entre 7.200 y 8.300	19	1235	22999	23087	22811	22597
14056	Puente Genil	54,15	2700	38,5	Entre 7.200 y 8.300	103	1655	29093	28639	28139	27843
14057	Rambla (La)	57,94	667	38,9	Entre 7.200 y 8.300	14	402	7444	7410	7389	7330
14058	Rute	54,97	961	41,5	Entre 7.200 y 8.300	3	344	10269	10309	9970	9862
14059	San Sebastián de los Ballesteros	49,79	27	42,6	..	-10	32	843	836	834	843
14060	Santaella	63,73	141	38,4	Entre 7.200 y 8.300	21	156	6022	6002	5943	5901
14061	Santa Eufemia	35,17	15	49,1	Entre 7.200 y 8.300	-8	86	982	998	1061	1125
14062	Torrecampo	41,81	27	48	Entre 7.200 y 8.300	-8	62	1307	1320	1408	1410
14063	Valenzuela	50,21	33	46,6	Hasta 7.200	-8	24	1355	1364	1392	1420
14064	Valsequillo	42,6	13	47,6	..	-5	39	421	415	427	447
14065	Victoria (La)	57,79	83	40,1	Hasta 7.200	2	98	1981	1882	1749	1762
14066	Villa del Río	51,97	686	38,2	Entre 7.200 y 8.300	20	309	7443	7433	7296	7213
14067	Villafranca de Córdoba	53,95	460	38	Entre 7.200 y 8.300	20	258	4231	4074	3702	3663
14068	Villaharta	46,85	46	44	..	2	35	716	687	626	656
14069	Villanueva de Córdoba	50,98	644	42,4	Entre 7.200 y 8.300	-42	413	9720	9800	9263	9649
14070	Villanueva del Duque	42,19	37	46,9	Entre 7.200 y 8.300	-32	107	1652	1666	1711	1786
14071	Villanueva del Rey	44,47	18	46,2	Entre 7.200 y 8.300	-14	105	1217	1224	1242	1235
14072	Villaralto	47,36	18	50,9	Hasta 7.200	-8	41	1356	1350	1458	1510
14073	Villaviciosa de Córdoba	43,47	193	44,3	Entre 7.200 y 8.300	-19	199	3587	3601	3679	3783
14074	Viso (El)	44,45	190	45,7	Hasta 7.200	-23	137	2824	2849	2928	2994
14075	Zuheros	42,47	23	46,3	..	-1	18	812	821	851	895
18001	Agrón	55,09	0	46,4	..	-1	10	374	283	344	380
18002	Alamedilla	58,91	13	43,5	..	3	21	777	785	843	871
18003	Albolote	57,52	2788	35,2	Entre 9.300 y 10.200	131	728	16450	15978	14106	13350
18004	Albondón	48,07	24	44,9	..	-3	30	915	914	967	989
18005	Albuñán	43,43	8	45,8	..	0	16	441	448	446	460
18006	Albuñol	54,55	378	37,4	Entre 8.300 y 9.300	25	254	6190	6270	5939	5536
18007	Albuñuelas	53,64	15	46,2	Hasta 7.200	-3	26	1063	1070	1149	1180
18010	Aldeire	37,54	25	47,2	..	-6	27	730	727	753	773
18011	Alfacar	53,74	809	36	Entre 8.300 y 9.300	26	180	5316	5178	4525	4351
18012	Algarinejo	50,57	34	46,7	Entre 7.200 y 8.300	-16	74	3957	4078	4335	4801
18013	Alhama de Granada	52,9	376	40,1	Entre 7.200 y 8.300	-20	256	6016	6137	6074	5952
18014	Alhendín	52,66	911	36,4	Entre 8.300 y 9.300	56	340	5755	5579	4506	4303
18015	Alicún de Ortega	56,39	4	43,9	..	-3	12	555	561	609	652
18016	Almegíjar	38,7	2	50,9	..	-4	8	412	421	405	414
18017	Almuñécar	49,4	4544	39,9	Entre 9.300 y 10.200	84	1460	27076	26264	23378	21623
18018	Alquife	36,6	23	46,5	..	-12	29	823	788	840	867
18020	Arenas del Rey	54,07	42	41,8	Entre 7.200 y 8.300	-6	65	2157	2202	1976	1937
18021	Armilla	58,19	2591	35,1	Entre 8.300 y 9.300	137	1340	20115	19667	16524	14778
18022	Atarfe	52,89	1838	35,9	Entre 8.300 y 9.300	96	756	14144	13431	11680	11245
18023	Baza	51,99	2189	38,9	Entre 8.300 y 9.300	34	933	22718	22581	21209	20954
18024	Beas de Granada	48,37	52	40,8	Entre 8.300 y 9.300	-5	33	1087	1092	1061	973
18025	Beas de Guadix	58,2	9	42,8	..	0	22	379	374	351	363
18027	Benalúa	53,39	261	37,5	Entre 7.200 y 8.300	7	181	3300	3311	3239	3164
18028	Benalúa de las Villas	49,1	30	42	Entre 7.200 y 8.300	-7	30	1352	1352	1366	1445
18029	Benamaurel	48,33	33	43,8	Entre 7.200 y 8.300	-2	72	2382	2328	2346	2378
18030	Bérchules	44,41	19	42,1	..	3	18	852	811	769	773
18032	Bubión	52,65	21	42,4	..	2	23	373	366	357	367
18033	Busquístar	51,13	9	44,4	..	1	19	334	348	368	357
18034	Cacín	47,35	30	47,2	..	-5	19	647	685	753	788
18035	Cádiar	46,51	164	45	Entre 8.300 y 9.300	-8	44	1671	1621	1636	1567
18036	Cájar	59,11	761	37,2	Entre 10.200 y 11.300	15	151	4318	4139	3653	3249
18037	Calicasas	56,62	22	40,2	..	2	17	575	565	563	572
18038	Campotéjar	57,44	86	39,9	Entre 7.200 y 8.300	4	44	1400	1467	1402	1431
18039	Caniles	43,74	70	42,2	Entre 7.200 y 8.300	-26	186	4930	4897	4668	4796
18040	Cáñar	41,97	18	42,4	..	4	14	395	365	345	347
18042	Capileira	51,88	24	41,3	..	3	26	560	564	570	516
18043	Carataunas	53,25	0	45,7	..	-4	7	203	200	202	195
18044	Cástaras	33,33	0	52,9	..	1	2	273	259	262	289
18045	Castilléjar	47,65	12	49,5	Entre 7.200 y 8.300	-8	41	1600	1619	1617	1712
18046	Castril	55,82	41	44,4	Entre 7.200 y 8.300	-9	80	2571	2581	2569	2750
18047	Cenes de la Vega	64,86	1593	35,5	Entre 9.300 y 10.200	117	349	6363	6341	5882	5498
18048	Cijuela	54,52	209	35	Entre 7.200 y 8.300	23	143	2455	2307	1758	1573
18049	Cogollos de Guadix	39,22	10	46,4	..	-11	34	710	721	711	749
18050	Cogollos de la Vega	49,41	183	41,1	Entre 7.200 y 8.300	-12	67	2068	2095	1957	1998
18051	Colomera	46,54	44	41,5	Entre 7.200 y 8.300	9	53	1588	1570	1591	1618
18053	Cortes de Baza	47,85	56	49	Entre 7.200 y 8.300	-12	58	2167	2206	2435	2616
18054	Cortes y Graena	51,22	33	43,4	Entre 7.200 y 8.300	-6	61	1067	1083	1043	1019
18056	Cúllar	42,52	212	44,4	Entre 8.300 y 9.300	-19	145	4859	4898	4820	4813
18057	Cúllar Vega	62,66	1085	32,4	Entre 9.300 y 10.200	82	375	6212	5892	4799	3997
18059	Chauchina	50,44	635	39,1	Entre 7.200 y 8.300	45	226	4537	4476	4251	4148
18061	Chimeneas	49,35	0	42,1	Hasta 7.200	-5	47	1467	1456	1493	1510
18062	Churriana de la Vega	56,76	1477	34,6	Entre 8.300 y 9.300	118	627	10228	9406	7948	7563
18063	Darro	52,73	30	38,3	Entre 7.200 y 8.300	0	49	1470	1438	1463	1474
18064	Dehesas de Guadix	59,2	10	42,2	..	0	10	531	557	592	621
18066	Deifontes	57,23	218	40,1	Hasta 7.200	-8	107	2483	2478	2338	2369
18067	Diezma	56,28	18	43,2	..	7	27	830	837	864	883
18068	Dílar	46,34	114	41,1	Entre 8.300 y 9.300	5	58	1638	1600	1472	1415
18069	Dólar	38,75	15	50	..	1	20	582	576	591	603
18070	Dúdar	54,32	30	42,6	..	-3	9	296	292	310	286
18071	Dúrcal	49,45	832	37,9	Entre 8.300 y 9.300	31	418	7023	6856	5158	5469
18072	Escúzar	43,72	23	43,1	..	-6	31	816	738	781	807
18074	Ferreira	35,33	9	48,7	..	0	13	339	324	327	354
18076	Fonelas	60,2	24	38,4	Hasta 7.200	1	31	1126	1145	1176	1154
18078	Freila	40,63	24	44	Entre 7.200 y 8.300	-3	34	1093	1074	983	931
18079	Fuente Vaqueros	57,85	442	39,4	Entre 7.200 y 8.300	-2	215	4211	4108	3937	3913
18082	Galera	42,44	32	50,2	Entre 7.200 y 8.300	0	75	1135	1119	1197	1281
18083	Gobernador	47,3	0	50,9	..	-3	5	312	321	327	341
18084	Gójar	56,16	988	36,1	Entre 9.300 y 10.200	36	181	4964	4946	3823	3542
18085	Gor	42,43	15	51,1	Entre 7.200 y 8.300	-23	33	953	977	1084	1132
18086	Gorafe	52,78	22	47,9	..	-7	25	506	526	541	558
18087	Granada	51,69	28669	41,1	Entre 9.300 y 10.200	273	15327	236207	237929	237663	243341
18088	Guadahortuna	57,5	37	38,4	Hasta 7.200	10	79	2154	2220	2179	2149
18089	Guadix	49,19	2238	38,6	Entre 8.300 y 9.300	-15	1045	20307	20296	20163	19448
18093	Gualchos	56,07	406	42,5	Entre 8.300 y 9.300	38	120	2278	2294	2694	2973
18094	Güejar Sierra	51,9	78	39,1	Entre 8.300 y 9.300	-2	93	2986	2915	2576	2656
18095	Güevéjar	54,66	281	34,5	Entre 7.200 y 8.300	16	71	2234	2154	1756	1582
18096	Huélago	55,69	7	45,8	..	-7	18	403	439	486	528
18097	Huéneja	40	58	44,9	Entre 7.200 y 8.300	-6	38	1218	1230	1201	1210
18098	Huéscar	49,6	637	41,7	Entre 7.200 y 8.300	-33	396	8236	8212	8197	8103
18099	Huétor de Santillán	49,02	305	39,3	Entre 8.300 y 9.300	2	70	1798	1784	1698	1645
18100	Huétor Tájar	55,4	769	37,3	Hasta 7.200	35	325	9467	9340	8759	8254
18101	Huétor Vega	57,51	1663	35,3	Entre 9.300 y 10.200	89	414	10900	10743	10193	9240
18102	Illora	56,39	572	41,5	Hasta 7.200	25	373	10390	10304	10130	10343
18103	Itrabo	48,52	31	41,6	Hasta 7.200	0	25	1115	1117	983	1012
18105	Iznalloz	50,84	475	37,2	Hasta 7.200	14	357	7054	7046	6885	6945
18107	Jayena	56,79	94	40,5	Entre 7.200 y 8.300	8	43	1252	1285	1296	1323
18108	Jerez del Marquesado	38,24	33	45,8	Entre 7.200 y 8.300	-10	41	1107	1091	1066	1084
18109	Jete	50,74	0	41	..	-4	25	870	820	758	749
18111	Jun	54,34	487	34,8	Entre 9.300 y 10.200	37	96	2377	2326	1978	1817
18112	Juviles	45,07	12	45,7	..	1	2	177	177	160	173
18114	Calahorra (La)	39,7	28	48,9	..	-5	25	752	766	816	841
18115	Láchar	48,57	258	36,3	Entre 7.200 y 8.300	18	140	2910	2819	2525	2357
18116	Lanjarón	47,91	305	42,1	Entre 8.300 y 9.300	3	175	3823	3796	3736	3751
18117	Lanteira	43,77	1	46,3	..	-6	25	605	528	522	588
18119	Lecrín	43,75	182	44,7	Entre 7.200 y 8.300	-14	60	2336	2329	2274	2273
18120	Lentegí	44,8	0	44,7	..	-1	9	333	342	329	337
18121	Lobras	28,08	3	54,5	..	-6	3	128	121	140	165
18122	Loja	52,87	1748	38,3	Entre 7.200 y 8.300	39	937	21341	21196	20576	19990
18123	Lugros	47,69	5	48,2	..	-1	16	361	367	374	401
18124	Lújar	45,39	10	45,1	..	0	9	497	491	514	523
18126	Malahá (La)	56,42	90	39,2	Entre 7.200 y 8.300	-3	81	1709	1703	1597	1661
18127	Maracena	57,16	2480	35,8	Entre 8.300 y 9.300	176	977	19659	19388	16587	15189
18128	Marchal	44,44	19	47,1	..	-1	19	388	403	390	392
18132	Moclín	53,71	71	43	Hasta 7.200	-9	120	4091	4146	4310	4404
18133	Molvízar	54,13	101	39,7	Entre 7.200 y 8.300	-2	116	3197	2998	2802	2697
18134	Monachil	60,71	1105	37,3	Entre 9.300 y 10.200	43	285	6270	6289	5684	5320
18135	Montefrío	54,12	297	41,7	Hasta 7.200	-19	224	6400	6446	6474	6688
18136	Montejícar	62,1	31	39,5	Hasta 7.200	3	73	2575	2596	2728	2765
18137	Montillana	54,67	13	43,4	Hasta 7.200	-1	39	1350	1288	1336	1342
18138	Moraleda de Zafayona	54,11	256	39,3	Hasta 7.200	4	102	3093	3058	2803	2739
18140	Motril	56,28	5466	36,6	Entre 8.300 y 9.300	341	3092	58501	57895	53597	50812
18141	Murtas	50,47	10	45,9	..	-3	22	742	730	698	745
18143	Nigüelas	44,96	30	44,8	..	-11	53	1139	1149	979	1054
18144	Nívar	52,91	129	40,1	..	4	21	785	668	660	666
18145	Ogíjares	60,59	2806	34,9	Entre 10.200 y 11.300	156	471	12145	12040	10494	9156
18146	Orce	42,32	27	46,2	Entre 7.200 y 8.300	-13	37	1383	1387	1390	1425
18147	Órgiva	45,06	586	39,9	Entre 8.300 y 9.300	-6	292	5508	5460	5152	5038
18148	Otívar	48,11	0	40,2	Entre 8.300 y 9.300	-5	44	1136	1113	1052	1031
18149	Otura	54,73	1281	36,3	Entre 9.300 y 10.200	32	276	5883	5632	5090	4603
18150	Padul	58,64	885	36,9	Entre 8.300 y 9.300	41	378	7961	7871	7155	6814
18151	Pampaneira	54,47	13	41,8	..	1	18	322	344	337	330
18152	Pedro Martínez	51,61	19	49,7	Entre 7.200 y 8.300	-14	30	1189	1217	1320	1306
18153	Peligros	55,43	2186	34,9	Entre 9.300 y 10.200	42	421	10597	10385	8500	7644
18154	Peza (La)	46,77	18	41,7	Entre 7.200 y 8.300	2	60	1381	1367	1359	1429
18157	Pinos Genil	54,62	215	39	Entre 8.300 y 9.300	1	48	1252	1252	1237	1200
18158	Pinos Puente	52,54	1259	38,4	Entre 7.200 y 8.300	45	667	13540	13450	13105	13391
18159	Píñar	53,78	15	42,1	Entre 7.200 y 8.300	-3	47	1358	1362	1296	1320
18161	Polícar	54,19	7	47,7	..	-5	11	227	227	256	256
18162	Polopos	54,29	114	38,1	Entre 8.300 y 9.300	-3	41	1645	1557	1398	1235
18163	Pórtugos	44,35	13	45,9	..	-3	16	408	419	425	445
18164	Puebla de Don Fadrique	41,86	127	42,6	Entre 8.300 y 9.300	4	63	2554	2565	2532	2498
18165	Pulianas	59,14	794	34,1	Entre 8.300 y 9.300	57	202	4954	4924	4683	4190
18167	Purullena	46,1	190	40,2	Entre 7.200 y 8.300	6	165	2252	2294	2356	2473
18168	Quéntar	46,28	66	42,1	Entre 9.300 y 10.200	3	31	1046	1036	1116	1058
18170	Rubite	55,09	1	48,3	..	-5	9	441	468	478	365
18171	Salar	52,23	133	39,6	Hasta 7.200	6	95	2803	2795	2742	2715
18173	Salobreña	50,77	1670	38	Entre 9.300 y 10.200	47	593	12288	12063	11134	10486
18174	Santa Cruz del Comercio	43,3	21	42,4	..	-1	19	557	546	517	535
18175	Santa Fe	53,19	2247	37,1	Entre 8.300 y 9.300	62	847	14934	14599	13476	12812
18176	Soportújar	34,51	0	49,3	..	1	15	257	265	266	262
18177	Sorvilán	46,28	13	46,9	..	-6	16	659	677	621	634
18178	Torre-Cardela	50,05	12	45,9	Entre 7.200 y 8.300	3	32	1064	1092	1170	1158
18179	Torvizcón	47,41	19	46,3	..	-10	25	799	803	822	888
18180	Trevélez	50,24	79	41,2	..	-2	38	835	831	816	775
18181	Turón	41,53	0	49,5	..	-1	11	330	327	329	345
18182	Ugíjar	48,66	186	42,9	Entre 7.200 y 8.300	-16	98	2599	2531	2514	2522
18183	Válor	42,73	33	51,8	..	-10	20	673	708	791	886
18184	Vélez de Benaudalla	47	233	40	Entre 8.300 y 9.300	-4	132	2892	2965	2508	2489
18185	Ventas de Huelma	44,54	1	43,8	..	-8	28	715	734	670	648
18187	Villanueva de las Torres	57,51	13	42,9	..	-6	18	774	778	829	877
18188	Villanueva Mesía	52,96	67	38,9	Hasta 7.200	7	60	2174	2147	2046	1982
18189	Víznar	50,7	101	41,4	..	2	23	797	796	753	744
18192	Zafarraya	50,73	154	40,9	Entre 7.200 y 8.300	-3	64	2165	2170	2225	2157
18193	Zubia (La)	59,51	3002	34,9	Entre 9.300 y 10.200	161	705	16941	16450	15017	13381
18194	Zújar	48,15	30	42,7	Entre 7.200 y 8.300	13	111	2834	2813	2700	2696
18901	Taha (La)	46,53	33	46,7	..	4	39	714	743	784	812
18902	Valle (El)	47,17	27	48	Entre 7.200 y 8.300	-14	22	1174	1130	1170	1243
18903	Nevada	42,48	0	46,2	Entre 7.200 y 8.300	0	36	1194	1179	1237	1350
18904	Alpujarra de la Sierra	52,45	12	46,9	Entre 7.200 y 8.300	-7	29	1168	1142	1147	1175
18905	Gabias (Las)	57,56	2408	33,6	Entre 9.300 y 10.200	228	772	13950	13345	9773	8851
18906	Guajares (Los)	45,32	9	47,1	Entre 7.200 y 8.300	-6	56	1328	1337	1229	1267
18907	Valle del Zalabí	48,98	3	43,5	Entre 7.200 y 8.300	1	77	2345	2315	2314	2338
18908	Villamena	51,11	15	42,2	..	0	35	1025	1004	979	995
18909	Morelábor	46,75	0	44,6	..	-3	26	854	812	899	911
18910	Pinar (El)	42,49	8	43,2	Entre 7.200 y 8.300	-3	42	1067	1088	1136	1182
18911	Vegas del Genil	58,43	1000	33,4	Entre 8.300 y 9.300	129	384	7224	6599	3994	3035
18912	Cuevas del Campo	48,67	36	44,6	Entre 7.200 y 8.300	-5	79	2032	2073	2050	2190
18913	Zagra	52,49	6	44,4	Hasta 7.200	-4	59	1022	1054	1089	1131
21001	Alájar	47,9	0	40,5	..	-3	59	811	821	769	789
21002	Aljaraque	60,98	3096	33,8	Entre 10.200 y 11.300	161	886	16368	15617	13009	11626
21003	Almendro (El)	50,57	41	42	..	-7	44	845	847	841	851
21004	Almonaster la Real	42,17	2	45,9	Entre 8.300 y 9.300	-13	110	1831	1860	1879	1938
21005	Almonte	57,69	1493	36,3	Entre 8.300 y 9.300	86	935	20726	20224	18446	17687
21006	Alosno	46,94	243	44,4	Entre 8.300 y 9.300	-46	254	4409	4478	4514	4792
21007	Aracena	50,55	1066	39,6	Entre 9.300 y 10.200	-17	436	7351	7228	6939	6672
21008	Aroche	49,5	35	41,9	Hasta 7.200	3	91	3306	3211	3396	3446
21009	Arroyomolinos de León	36,65	26	46,1	Entre 8.300 y 9.300	-18	129	1042	1061	1117	1135
21010	Ayamonte	58,71	2683	38,2	Entre 9.300 y 10.200	55	980	19380	18636	17402	17084
21011	Beas	50,18	415	41,3	Entre 8.300 y 9.300	-3	214	4270	4210	4036	4085
21012	Berrocal	37,61	7	53,3	..	-2	10	380	377	374	394
21013	Bollullos Par del Condado	51,98	1056	39,3	Entre 8.300 y 9.300	51	520	13737	13500	13041	12872
21014	Bonares	55,58	560	37,8	Entre 8.300 y 9.300	32	152	5602	5493	5295	5233
21015	Cabezas Rubias	46,43	16	43,9	..	-8	27	859	858	935	956
21016	Cala	57,11	48	41,9	Entre 8.300 y 9.300	3	138	1287	1308	1344	1404
21017	Calañas	41,93	187	44,4	Entre 8.300 y 9.300	-50	347	4355	4400	4553	4646
21018	Campillo (El)	47,59	210	43,2	Entre 8.300 y 9.300	-7	170	2237	2276	2335	2402
21019	Campofrío	43,63	15	42,2	..	3	87	799	772	845	832
21020	Cañaveral de León	45,91	14	48,4	..	-1	22	409	412	464	489
21021	Cartaya	59,26	1747	35,6	Entre 9.300 y 10.200	107	725	16589	16042	14106	12970
21022	Castaño del Robledo	56,58	0	41,4	..	-1	14	216	214	192	200
21023	Cerro de Andévalo (El)	41,9	14	45,5	Entre 7.200 y 8.300	-26	218	2522	2581	2700	2719
21024	Corteconcepción	44,79	33	44,2	..	-4	39	615	615	632	678
21025	Cortegana	47,52	390	41,5	Entre 8.300 y 9.300	-20	302	4977	5039	5005	5075
21026	Cortelazor	39,04	15	45,8	..	-5	21	295	270	314	312
21027	Cumbres de Enmedio	33,33	0	55,6	..	-1	2	50	44	50	61
21028	Cumbres de San Bartolomé	38,97	15	51,3	..	-6	29	485	490	541	557
21029	Cumbres Mayores	49,07	189	44	Entre 7.200 y 8.300	-20	151	1986	2024	2018	2085
21030	Chucena	55,92	143	39,4	Hasta 7.200	15	87	2043	2054	2005	1931
21031	Encinasola	40,21	55	48,1	Entre 7.200 y 8.300	-21	65	1614	1634	1710	1772
21032	Escacena del Campo	52,02	68	40,9	Entre 7.200 y 8.300	-6	99	2154	2174	2156	2174
21033	Fuenteheridos	58,45	47	40,9	..	-4	52	658	606	677	627
21034	Galaroza	51,19	40	41,8	Entre 8.300 y 9.300	2	111	1615	1606	1631	1617
21035	Gibraleón	52,42	1135	38,3	Entre 8.300 y 9.300	15	600	11794	11349	11022	10818
21036	Granada de Río-Tinto (La)	46,2	13	43,8	..	-2	29	223	222	231	218
21037	Granado (El)	54,16	10	45,8	..	-9	26	616	618	639	653
21038	Higuera de la Sierra	53,49	41	42,5	Entre 8.300 y 9.300	-9	105	1392	1361	1311	1269
21039	Hinojales	40,18	0	47,5	..	-2	15	353	366	400	417
21040	Hinojos	54,2	392	39,6	Entre 8.300 y 9.300	5	137	3806	3797	3591	3544
21041	Huelva	54,25	9850	38,5	Entre 9.300 y 10.200	718	10132	146173	145763	144831	141334
21042	Isla Cristina	57,88	2239	35,6	Entre 8.300 y 9.300	124	1239	20540	20323	19027	18435
21043	Jabugo	54,53	195	40,1	Entre 8.300 y 9.300	-9	201	2435	2473	2522	2546
21044	Lepe	59,77	2428	34,5	Entre 8.300 y 9.300	221	1306	23607	23781	21223	19583
21045	Linares de la Sierra	51,05	2	43	..	-1	29	321	308	300	307
21046	Lucena del Puerto	54,47	81	36,3	Entre 7.200 y 8.300	7	72	2624	2175	2025	2175
21047	Manzanilla	51,99	72	41,4	Entre 7.200 y 8.300	-9	79	2403	2355	2432	2518
21048	Marines (Los)	46,52	21	47,8	..	-1	16	329	320	329	324
21049	Minas de Riotinto	46,42	532	42,4	Entre 8.300 y 9.300	-12	325	4281	4401	4567	4825
21050	Moguer	60,36	2142	35	Entre 9.300 y 10.200	139	651	18381	18441	15980	14731
21051	Nava (La)	40,07	27	45,5	..	-1	24	339	328	295	311
21052	Nerva	44,6	535	42,9	Entre 8.300 y 9.300	-57	591	5991	5947	6101	6291
21053	Niebla	51,59	393	38,5	Entre 8.300 y 9.300	14	231	4072	4033	3933	3879
21054	Palma del Condado (La)	50,67	846	38	Entre 8.300 y 9.300	7	595	10192	10074	9675	9777
21055	Palos de la Frontera	60,38	1024	34,8	Entre 9.300 y 10.200	50	471	8529	8415	7895	7337
21056	Paterna del Campo	55,49	273	41,6	Entre 7.200 y 8.300	-2	118	3736	3763	3777	3864
21057	Paymogo	51,8	12	43	Hasta 7.200	-2	62	1292	1273	1262	1289
21058	Puebla de Guzmán	53,25	78	41,8	Entre 7.200 y 8.300	-17	163	3193	3200	3193	3220
21059	Puerto Moral	54,45	19	36,3	..	-3	16	287	272	259	250
21060	Punta Umbría	55,78	1892	36,5	Entre 9.300 y 10.200	83	777	14274	14033	12925	12296
21061	Rociana del Condado	59,27	262	38,5	Entre 7.200 y 8.300	28	270	7020	6863	6370	6302
21062	Rosal de la Frontera	48,98	104	44,1	Entre 7.200 y 8.300	-4	67	1820	1819	1792	1827
21063	San Bartolomé de la Torre	57,81	212	38,8	Entre 8.300 y 9.300	10	153	3327	3205	2951	2965
21064	San Juan del Puerto	53,87	494	35,5	Entre 8.300 y 9.300	61	353	7520	7204	6244	5961
21065	Sanlúcar de Guadiana	47,46	27	47,1	..	-3	20	378	373	379	381
21066	San Silvestre de Guzmán	56,64	20	43,5	..	-6	21	708	662	629	668
21067	Santa Ana la Real	42,17	0	44,8	..	-5	30	484	484	494	489
21068	Santa Bárbara de Casa	52,34	0	45,1	Hasta 7.200	-17	41	1172	1158	1255	1312
21069	Santa Olalla del Cala	51	200	40,8	Entre 7.200 y 8.300	1	130	2142	2135	2173	2203
21070	Trigueros	52,75	833	38,7	Entre 8.300 y 9.300	17	443	7396	7373	7194	7197
21071	Valdelarco	38,46	0	50,7	..	-7	9	229	237	256	268
21072	Valverde del Camino	50,11	1327	40,6	Entre 8.300 y 9.300	-25	1097	12621	12615	12487	12477
21073	Villablanca	64,06	67	39	Entre 8.300 y 9.300	3	120	2577	2419	2146	2060
21074	Villalba del Alcor	50,73	226	40,2	Entre 7.200 y 8.300	-21	226	3480	3445	3475	3530
21075	Villanueva de las Cruces	41,64	0	47,9	..	-2	18	416	409	400	429
21076	Villanueva de los Castillejos	54,08	228	40,7	Entre 8.300 y 9.300	-2	124	2769	2768	2667	2672
21077	Villarrasa	51,12	75	40,7	Entre 8.300 y 9.300	2	94	2142	2121	2074	2103
21078	Zalamea la Real	44,32	310	43,7	Entre 8.300 y 9.300	-26	271	3477	3516	3534	3547
21079	Zufre	48,5	40	42	..	0	55	987	995	910	1017
23001	Albanchez de Mágina	57,96	28	47,3	Entre 7.200 y 8.300	-13	31	1272	1326	1405	1474
23002	Alcalá la Real	50,65	1871	41,4	Entre 8.300 y 9.300	48	779	22324	22129	21880	21523
23003	Alcaudete	50,04	861	41,2	Entre 7.200 y 8.300	-48	369	11113	11164	11151	11261
23004	Aldeaquemada	39,55	0	46,8	..	1	14	571	542	549	573
23005	Andújar	50,38	3708	38,5	Entre 8.300 y 9.300	129	2212	38769	38662	37681	37903
23006	Arjona	54,62	537	39,7	Entre 7.200 y 8.300	0	184	5826	5775	5641	5696
23007	Arjonilla	51,62	363	40,1	Entre 7.200 y 8.300	-18	92	3886	3908	3971	3951
23008	Arquillos	46,22	49	39,4	Entre 7.200 y 8.300	5	50	1966	1985	1944	1921
23009	Baeza	46,03	1863	38,7	Entre 8.300 y 9.300	6	722	16135	16056	15072	15276
23010	Bailén	48,66	2200	36,2	Entre 8.300 y 9.300	110	1054	18583	18362	17845	17672
23011	Baños de la Encina	52,32	190	40,4	Entre 8.300 y 9.300	15	117	2743	2715	2716	2700
23012	Beas de Segura	46,78	464	41,2	Entre 8.300 y 9.300	-2	202	5571	5467	5647	8061
23014	Begíjar	55,11	191	39,5	Entre 7.200 y 8.300	-2	119	3161	3101	3118	3161
23015	Bélmez de la Moraleda	56,86	70	41,9	Entre 7.200 y 8.300	-8	125	1894	1922	1954	1964
23016	Benatae	46,07	35	47,1	..	-2	21	582	586	622	565
23017	Cabra del Santo Cristo	51,47	134	41	Entre 7.200 y 8.300	-6	109	2157	2212	2238	2229
23018	Cambil	48,25	22	43,4	Entre 7.200 y 8.300	-15	100	2943	2996	2995	3063
23019	Campillo de Arenas	45,72	170	41,9	Entre 7.200 y 8.300	2	61	1985	2020	2118	2119
23020	Canena	41,33	144	41,5	Entre 8.300 y 9.300	-3	79	2089	2082	2118	2117
23021	Carboneros	47,76	46	41,1	..	8	48	674	671	673	683
23024	Carolina (La)	52,29	1817	38	Entre 8.300 y 9.300	25	1669	15676	15576	15198	15029
23025	Castellar	50,98	328	40	Entre 7.200 y 8.300	-4	108	3654	3748	3701	3684
23026	Castillo de Locubín	44,17	321	45,5	Entre 7.200 y 8.300	-33	121	4887	5009	4916	5036
23027	Cazalilla	48,08	61	41,6	..	-6	38	840	839	823	826
23028	Cazorla	48,83	759	41,5	Entre 8.300 y 9.300	-5	339	8132	8173	8167	8394
23029	Chiclana de Segura	41,69	23	47,7	Entre 7.200 y 8.300	-16	15	1154	1191	1267	1317
23030	Chilluévar	52,81	33	42,5	Hasta 7.200	-6	35	1615	1629	1719	1818
23031	Escañuela	47,01	25	40,7	..	-1	26	949	950	956	948
23032	Espelúy	50,16	27	40,6	..	0	35	762	750	792	770
23033	Frailes	46,68	98	45,7	Entre 7.200 y 8.300	-12	33	1775	1796	1822	1858
23034	Fuensanta de Martos	46,05	228	42,3	Entre 7.200 y 8.300	-1	91	3328	3326	3278	3340
23035	Fuerte del Rey	49,45	110	41,6	Entre 7.200 y 8.300	-8	41	1287	1267	1204	1194
23037	Génave	41,87	0	44,7	..	-7	18	638	565	616	674
23038	Guardia de Jaén (La)	52,67	390	34,7	Entre 7.200 y 8.300	45	132	3678	3301	2105	2029
23039	Guarromán	50,42	303	37,6	Entre 8.300 y 9.300	13	147	2926	2904	2829	2804
23040	Lahiguera	56,61	82	43	Hasta 7.200	-4	31	1884	1877	1884	1893
23041	Higuera de Calatrava	55,93	22	42,7	..	-1	11	674	696	676	691
23042	Hinojares	41,28	24	50,1	..	-3	25	447	446	454	493
23043	Hornos	40,5	20	44,4	..	-5	12	673	663	690	702
23044	Huelma	47,98	440	39,7	Entre 8.300 y 9.300	17	403	6221	6172	6106	6054
23045	Huesa	56,27	134	38,5	Hasta 7.200	6	49	2700	2726	2756	2741
23046	Ibros	46,18	181	39,9	Entre 7.200 y 8.300	-17	150	3176	3186	3025	3063
23047	Iruela (La)	57,49	92	40	Entre 7.200 y 8.300	-10	50	1982	1989	1860	1853
23048	Iznatoraf	55,24	77	42,8	Entre 7.200 y 8.300	-6	18	1121	1155	1235	1283
23049	Jabalquinto	55,32	53	40,7	Hasta 7.200	-17	78	2408	2416	2454	2533
23050	Jaén	54,9	9773	38,1	Entre 9.300 y 10.200	502	6534	116393	116769	115638	111406
23051	Jamilena	47,34	310	39,6	Hasta 7.200	14	105	3501	3459	3371	3344
23052	Jimena	46,44	44	43,7	Entre 7.200 y 8.300	-14	32	1489	1507	1501	1546
23053	Jódar	60,05	518	36,6	Hasta 7.200	48	330	12168	12150	11991	11979
23054	Larva	61,02	0	39,1	..	-2	5	478	474	503	516
23055	Linares	47,69	5008	38,7	Entre 8.300 y 9.300	120	5136	61262	61452	58257	57796
23056	Lopera	55,85	253	40,1	Entre 7.200 y 8.300	-1	77	3988	3995	4020	3993
23057	Lupión	44,94	60	42,3	Entre 7.200 y 8.300	-6	31	1000	1009	1049	1052
23058	Mancha Real	47,8	1341	37,3	Entre 8.300 y 9.300	37	321	10616	10431	9562	9270
23059	Marmolejo	46,72	628	40,1	Entre 7.200 y 8.300	0	246	7615	7618	7553	7431
23060	Martos	48,71	2207	38,6	Entre 8.300 y 9.300	72	1259	24141	24061	22862	22702
23061	Mengíbar	48,8	885	35,8	Entre 8.300 y 9.300	62	428	9222	9102	8929	8360
23062	Montizón	58,35	28	42,4	Hasta 7.200	7	18	1932	1956	2001	1974
23063	Navas de San Juan	50,84	327	40,2	Entre 7.200 y 8.300	3	110	5052	5047	5109	5066
23064	Noalejo	46,31	0	43,5	Hasta 7.200	-22	33	2060	2110	2183	2231
23065	Orcera	47,32	194	43,9	Entre 8.300 y 9.300	-9	92	2089	2141	2160	2204
23066	Peal de Becerro	49,23	430	40,9	Entre 8.300 y 9.300	-10	170	5489	5494	5417	5176
23067	Pegalajar	47,76	264	41,5	Entre 8.300 y 9.300	-1	113	3172	3171	3084	3085
23069	Porcuna	44,37	564	42,8	Entre 7.200 y 8.300	-22	138	6847	6859	6899	7042
23070	Pozo Alcón	47,78	362	40,3	Entre 8.300 y 9.300	-6	387	5527	5322	5602	5483
23071	Puente de Génave	46,45	218	41	Entre 8.300 y 9.300	-3	70	2132	2153	2086	1979
23072	Puerta de Segura (La)	43,57	281	43,2	Entre 7.200 y 8.300	-28	83	2625	2618	2612	2654
23073	Quesada	48,6	447	41,6	Entre 7.200 y 8.300	-14	167	5922	5938	5954	6033
23074	Rus	47,05	228	39,2	Entre 7.200 y 8.300	6	179	3807	3778	3762	3753
23075	Sabiote	43,53	279	41,5	Entre 8.300 y 9.300	-5	154	4246	4129	4143	4181
23076	Santa Elena	48,48	55	40,5	Entre 8.300 y 9.300	0	88	1005	1002	1012	1019
23077	Santiago de Calatrava	35,08	18	45,5	..	-9	13	880	883	929	911
23079	Santisteban del Puerto	53,55	367	39,3	Entre 7.200 y 8.300	-2	101	4927	4959	4835	4826
23080	Santo Tomé	45,44	47	42,3	Hasta 7.200	-12	46	2324	2276	2269	2332
23081	Segura de la Sierra	45,26	87	44,5	Entre 7.200 y 8.300	-11	67	2005	2029	1951	2159
23082	Siles	45,91	204	43,8	Entre 8.300 y 9.300	-29	78	2466	2465	2475	2567
23084	Sorihuela del Guadalimar	59,32	109	42,7	Entre 7.200 y 8.300	-3	39	1234	1223	1283	1301
23085	Torreblascopedro	45,97	75	41,3	Hasta 7.200	-2	96	2835	2832	2916	2992
23086	Torre del Campo	49,48	1378	38	Entre 8.300 y 9.300	53	612	14339	14076	13628	13327
23087	Torredonjimeno	46,75	1648	40,3	Entre 8.300 y 9.300	-4	577	14010	13914	13827	13848
23088	Torreperogil	44,36	582	41,2	Entre 8.300 y 9.300	5	369	7331	6649	7118	7266
23090	Torres	49,44	116	46,9	Entre 8.300 y 9.300	-5	42	1665	1682	1792	1773
23091	Torres de Albánchez	45,52	20	46,4	..	-6	27	824	870	956	1020
23092	Úbeda	50	4027	39	Entre 9.300 y 10.200	140	2281	34347	34139	33347	32764
23093	Valdepeñas de Jaén	47,66	321	42	Entre 7.200 y 8.300	-15	58	4224	4241	4411	4501
23094	Vilches	44,37	286	41,1	Entre 8.300 y 9.300	-10	213	5005	5018	4976	4989
23095	Villacarrillo	52,81	812	40,3	Entre 7.200 y 8.300	6	329	11117	11137	11180	11073
23096	Villanueva de la Reina	44,06	182	41,1	Entre 7.200 y 8.300	-13	90	3385	3375	3300	3308
23097	Villanueva del Arzobispo	49,39	755	39,7	Entre 8.300 y 9.300	-20	240	8619	8724	8761	8691
23098	Villardompardo	40,64	27	45,7	Entre 7.200 y 8.300	-8	24	1161	1160	1203	1246
23099	Villares (Los)	50,39	507	38,4	Entre 7.200 y 8.300	15	184	5431	5329	5164	4772
23101	Villarrodrigo	41,79	9	50,3	..	-4	10	532	477	563	446
23901	Cárcheles	41,39	97	43	Entre 7.200 y 8.300	-4	50	1507	1441	1463	1528
23902	Bedmar y Garcíez	49,44	122	42,2	Entre 7.200 y 8.300	-1	97	3161	3185	3237	3253
23903	Villatorres	50,07	290	39,6	Entre 7.200 y 8.300	16	124	4392	4351	4333	4336
23904	Santiago-Pontones	49,97	122	44	Entre 7.200 y 8.300	-21	71	3944	4040	4230	4338
23905	Arroyo del Ojanco	49,37	205	40,2	Entre 8.300 y 9.300	-7	57	2468	2500	2287	..
29001	Alameda	63,57	456	37,2	Hasta 7.200	41	157	5367	5314	5066	5008
29002	Alcaucín	43,4	80	45,1	Entre 7.200 y 8.300	-6	72	2286	2086	1599	1534
29003	Alfarnate	55,18	0	44,5	Hasta 7.200	-7	49	1365	1386	1401	1429
29004	Alfarnatejo	56,21	0	45,1	..	-3	13	478	448	387	392
29005	Algarrobo	59,46	736	39,9	Entre 7.200 y 8.300	48	262	5907	5668	4862	4844
29006	Algatocín	39,19	10	41,8	..	-2	81	936	942	954	962
29007	Alhaurín de la Torre	60,15	4942	34,7	Entre 9.300 y 10.200	236	1690	31884	30281	25401	22654
29008	Alhaurín el Grande	52,29	2320	36,6	Entre 8.300 y 9.300	106	786	21776	21070	18797	17488
29009	Almáchar	65,61	32	41	Hasta 7.200	-1	60	1892	1906	1902	1873
29010	Almargen	50,95	176	41,2	Entre 7.200 y 8.300	-9	82	2114	2118	2096	2084
29011	Almogía	51,6	231	40,6	Entre 7.200 y 8.300	-12	255	4299	4309	4269	4093
29012	Álora	48,51	1086	39,5	Entre 7.200 y 8.300	19	993	13307	13204	12739	12471
29013	Alozaina	53,69	147	42,5	Entre 7.200 y 8.300	-6	122	2217	2223	2211	2159
29014	Alpandeire	45,07	0	49,7	..	-1	18	284	285	298	299
29015	Antequera	54,03	4724	38,1	Entre 8.300 y 9.300	222	1867	44547	44032	41953	40816
29016	Árchez	52,72	6	43,8	..	-4	16	427	427	355	352
29017	Archidona	50,14	789	40,3	Entre 7.200 y 8.300	-18	359	8736	8672	8267	8206
29018	Ardales	51,06	125	40,5	Hasta 7.200	6	103	2595	2558	2650	2856
29019	Arenas	58,99	50	42,4	Hasta 7.200	-8	54	1391	1339	1202	1194
29020	Arriate	58,87	138	39,8	Entre 7.200 y 8.300	-5	256	3971	3906	3586	3454
29021	Atajate	50,34	0	46,6	..	1	11	154	142	175	172
29022	Benadalid	41,2	0	47,5	..	-2	16	255	258	263	270
29023	Benahavís	55,53	1307	38,8	Entre 11.300 y 12.100	26	70	3253	2860	2401	2116
29024	Benalauría	43,16	0	43,6	..	-5	36	466	468	481	487
29025	Benalmádena	59,14	11186	37,8	Entre 10.200 y 11.300	307	3079	52217	50298	40064	33557
29026	Benamargosa	58,22	89	43,8	Hasta 7.200	-9	37	1631	1608	1528	1548
29027	Benamocarra	64,6	0	38,1	Hasta 7.200	12	96	3007	2952	2852	2817
29028	Benaoján	52,38	65	40	Entre 7.200 y 8.300	-7	131	1632	1612	1584	1623
29029	Benarrabá	47,98	6	44,7	..	0	29	547	538	585	611
29030	Borge (El)	64,45	36	40,9	..	0	28	1041	1035	988	1018
29031	Burgo (El)	55,35	93	42,1	Hasta 7.200	1	116	2034	2049	2061	2102
29032	Campillos	52,31	998	38,5	Entre 7.200 y 8.300	22	453	8330	8183	7813	7681
29033	Canillas de Aceituno	45,28	7	41,9	Hasta 7.200	-6	91	2336	2324	2037	2171
29034	Canillas de Albaida	47,44	33	45,8	..	-1	33	854	813	755	732
29035	Cañete la Real	51,37	136	43,2	Hasta 7.200	-4	95	2052	2051	2090	2177
29036	Carratraca	47,37	29	41,9	..	-7	46	910	887	824	835
29037	Cartajima	39,35	0	48,2	..	-1	7	255	251	237	207
29038	Cártama	54,4	2096	35,7	Entre 7.200 y 8.300	194	1030	18865	17690	14783	13483
29039	Casabermeja	51,15	314	40,4	Entre 7.200 y 8.300	-6	100	3421	3364	2942	3016
29040	Casarabonela	45,77	181	41,4	Entre 7.200 y 8.300	-2	88	2769	2666	2492	2507
29041	Casares	50,82	764	39,4	Entre 9.300 y 10.200	19	140	4532	4283	3661	3338
29042	Coín	52,13	2441	37,7	Entre 8.300 y 9.300	91	910	20870	20551	19213	17998
29043	Colmenar	50,99	285	40,6	Entre 7.200 y 8.300	12	151	3530	3384	3167	3146
29044	Comares	45,55	21	45,2	Entre 7.200 y 8.300	-8	26	1568	1522	1365	1369
29045	Cómpeta	42,95	417	43	Entre 8.300 y 9.300	-3	131	3712	3582	3195	2822
29046	Cortes de la Frontera	45,62	232	40,6	Entre 7.200 y 8.300	-7	228	3738	3758	3523	3442
29047	Cuevas Bajas	51,87	62	41,3	Hasta 7.200	-2	50	1441	1430	1435	1461
29048	Cuevas del Becerro	48,46	134	44,3	Hasta 7.200	-13	112	1847	1847	1886	1949
29049	Cuevas de San Marcos	52,12	309	41,2	Hasta 7.200	-20	109	4048	4007	3994	3980
29050	Cútar	43,29	10	46,6	..	-6	10	649	642	637	610
29051	Estepona	57,32	11857	36,8	Entre 9.300 y 10.200	510	2955	60328	58603	47697	43527
29052	Faraján	59,68	0	48,4	..	-2	10	308	289	267	301
29053	Frigiliana	49,36	439	42,1	Entre 8.300 y 9.300	-5	126	2834	2691	2328	2182
29054	Fuengirola	54,52	10831	40,5	Entre 9.300 y 10.200	190	3307	65421	63899	57133	50263
29055	Fuente de Piedra	58,05	304	40,2	Entre 7.200 y 8.300	10	77	2341	2209	2024	1913
29056	Gaucín	48,83	109	43,7	Entre 8.300 y 9.300	0	69	1946	1878	1793	1732
29057	Genalguacil	43,66	2	49,7	..	-3	22	537	502	528	556
29058	Guaro	42,82	144	45	Entre 7.200 y 8.300	-22	83	2273	2228	2013	1880
29059	Humilladero	59,47	269	38,1	Hasta 7.200	17	120	3104	3016	2745	2683
29060	Igualeja	46,37	19	43,4	Hasta 7.200	2	51	1012	948	967	902
29061	Istán	48,64	215	41,7	Entre 8.300 y 9.300	3	62	1437	1432	1362	1322
29062	Iznate	65,93	0	38,5	..	3	23	889	859	805	766
29063	Jimera de Líbar	39,38	19	47,5	..	-1	20	470	421	386	378
29064	Jubrique	47,72	7	44,5	..	-8	42	796	765	745	820
29065	Júzcar	55,96	0	47,3	..	-2	7	201	193	211	227
29066	Macharaviaya	59,87	0	37	..	4	13	496	385	368	356
29067	Málaga	55,39	62426	38,5	Entre 8.300 y 9.300	2047	38972	561250	560631	547105	534207
29068	Manilva	54,65	2422	36,8	Entre 9.300 y 10.200	104	440	12249	11181	7270	5986
29069	Marbella	61,97	31209	36,8	Entre 10.200 y 11.300	1066	6364	126422	125519	116234	110847
29070	Mijas	53,46	11968	37,9	Entre 9.300 y 10.200	514	2933	64288	61147	52189	44741
29071	Moclinejo	63,5	0	37	Hasta 7.200	13	45	1245	1198	1123	1148
29072	Mollina	58,4	455	41,4	Hasta 7.200	3	165	4645	4370	3658	3439
29073	Monda	46,91	209	38,8	Entre 8.300 y 9.300	23	102	2258	2094	1855	1698
29074	Montejaque	47,52	35	45	..	-7	100	995	1013	1005	1008
29075	Nerja	53,97	3957	41	Entre 9.300 y 10.200	34	1504	20796	20361	17637	16464
29076	Ojén	55,95	645	40	Entre 9.300 y 10.200	7	112	2528	2491	2253	2091
29077	Parauta	49,74	0	48,7	..	-1	11	252	226	250	215
29079	Periana	46,98	214	41,2	Hasta 7.200	-1	134	3525	3524	3388	3318
29080	Pizarra	50,38	743	37,5	Entre 7.200 y 8.300	61	512	8129	7812	6940	6593
29081	Pujerra	53,82	0	50	..	-2	17	328	316	324	295
29082	Rincón de la Victoria	58,49	6891	35,8	Entre 9.300 y 10.200	361	1814	35714	33817	28007	24224
29083	Riogordo	48,55	145	40,6	Hasta 7.200	9	114	3052	3032	2786	2673
29084	Ronda	52,11	3758	38,7	Entre 8.300 y 9.300	48	2443	36122	35836	35137	34214
29085	Salares	45,11	5	50,2	..	-4	6	228	191	211	206
29086	Sayalonga	49,2	79	44,9	Hasta 7.200	1	39	1490	1460	1289	1196
29087	Sedella	46,19	21	48	..	-4	18	688	646	487	492
29088	Sierra de Yeguas	51,79	329	39,4	Hasta 7.200	19	126	3487	3418	3284	3237
29089	Teba	56,94	267	39,3	Hasta 7.200	-12	179	4253	4278	4330	4385
29090	Tolox	44,33	137	42,6	Entre 7.200 y 8.300	-12	92	2349	2336	2221	2297
29091	Torrox	45,31	2108	43,2	Entre 8.300 y 9.300	1	768	15616	14925	12391	12257
29092	Totalán	57,28	36	39,4	..	0	39	704	707	624	618
29093	Valle de Abdalajís	58,17	64	44,6	Hasta 7.200	-23	118	2983	2955	2934	2980
29094	Vélez-Málaga	55,24	7771	37,5	Entre 8.300 y 9.300	377	3657	69604	67697	60197	56233
29095	Villanueva de Algaidas	55,21	399	41,1	Entre 7.200 y 8.300	3	136	4503	4493	4192	4147
29096	Villanueva del Rosario	62,86	306	41,4	Hasta 7.200	13	172	3547	3470	3358	3342
29097	Villanueva del Trabuco	51,14	420	39,1	Hasta 7.200	23	205	5306	5219	4884	4739
29098	Villanueva de Tapia	60,39	119	43,1	Hasta 7.200	10	38	1669	1673	1658	1610
29099	Viñuela	54,74	88	45,4	Entre 7.200 y 8.300	3	54	1881	1737	1358	1247
29100	Yunquera	53,63	237	39,3	Entre 7.200 y 8.300	17	304	3271	3284	3264	3259
29901	Torremolinos	60,11	8690	38,9	Entre 9.300 y 10.200	253	3470	60010	58683	50649	43613
41001	Aguadulce	61,02	206	41,9	Hasta 7.200	5	82	2060	2010	1970	1968
41002	Alanís	48,43	117	41,6	Entre 7.200 y 8.300	-2	69	1887	1890	1984	2030
41003	Albaida del Aljarafe	55,07	369	34	Entre 7.200 y 8.300	36	164	2586	2351	2029	1840
41004	Alcalá de Guadaira	56,05	7070	36,3	Entre 8.300 y 9.300	563	5546	66089	64990	59807	57830
41005	Alcalá del Río	57,44	1068	36,8	Entre 7.200 y 8.300	49	441	9943	9484	9142	9214
41006	Alcolea del Río	61,83	181	38,4	Hasta 7.200	8	84	3331	3356	3328	3366
41007	Algaba (La)	51,12	1671	37,3	Entre 8.300 y 9.300	64	1009	14064	13764	13304	12989
41008	Algámitas	60,7	90	40,7	Hasta 7.200	22	68	1321	1330	1360	1378
41009	Almadén de la Plata	50,11	98	43,1	Entre 7.200 y 8.300	-5	123	1577	1649	1686	1738
41010	Almensilla	59,77	800	34	Entre 8.300 y 9.300	25	274	5096	4927	3545	3213
41011	Arahal	56,28	1421	37,4	Entre 7.200 y 8.300	105	857	18896	18861	18568	18444
41012	Aznalcázar	56,14	434	37,3	Entre 7.200 y 8.300	9	130	3860	3793	3581	3522
41013	Aznalcóllar	52,27	482	36,6	Entre 7.200 y 8.300	0	396	6168	6094	5845	5811
41014	Badolatosa	62,96	149	37,2	Hasta 7.200	11	88	3218	3200	3167	3198
41015	Benacazón	60,52	738	35,8	Entre 7.200 y 8.300	-10	266	6089	5921	5463	5055
41016	Bollullos de la Mitación	54,79	1689	35,4	Entre 8.300 y 9.300	112	475	7729	7084	5567	5156
41017	Bormujos	65,55	4000	32,9	Entre 9.300 y 10.200	265	1112	16548	15741	12641	10400
41018	Brenes	59,31	1257	36,2	Entre 7.200 y 8.300	50	492	12022	11820	10929	10720
41019	Burguillos	55,16	508	33,9	Entre 7.200 y 8.300	49	230	4876	4510	3737	3603
41020	Cabezas de San Juan (Las)	55,78	791	35,4	Hasta 7.200	107	876	16239	16139	15867	15655
41021	Camas	53,68	2628	38,9	Entre 8.300 y 9.300	119	2166	25694	25706	25502	25302
41022	Campana (La)	61,33	293	38,8	Hasta 7.200	3	110	5310	5260	5138	5180
41023	Cantillana	51,99	847	37,6	Entre 7.200 y 8.300	17	467	9927	9744	9138	8989
41024	Carmona	56,17	2665	38,2	Entre 8.300 y 9.300	55	1809	27578	27221	26297	25793
41025	Carrión de los Céspedes	54,71	243	42,1	Entre 7.200 y 8.300	-7	89	2261	2267	2296	2315
41026	Casariche	63,04	330	38,2	Hasta 7.200	13	259	5453	5414	5289	5247
41027	Castilblanco de los Arroyos	48,26	425	39,8	Entre 7.200 y 8.300	16	342	4986	4870	4660	4501
41028	Castilleja de Guzmán	70,96	597	31	Entre 10.200 y 11.300	53	124	2627	2512	2145	1694
41029	Castilleja de la Cuesta	58,53	3243	36,4	Entre 8.300 y 9.300	108	1276	17034	16878	16735	16211
41030	Castilleja del Campo	49,12	80	41,6	..	4	22	631	651	616	618
41031	Castillo de las Guardas (El)	41,92	74	45,3	Entre 8.300 y 9.300	-9	102	1618	1627	1638	1616
41032	Cazalla de la Sierra	49,35	425	41,1	Entre 7.200 y 8.300	-34	284	5095	5153	5177	5154
41033	Constantina	48,66	549	40,9	Entre 7.200 y 8.300	-7	281	6687	6757	6889	7055
41034	Coria del Río	55,09	2725	36,7	Entre 8.300 y 9.300	170	1572	26831	26499	24735	24113
41035	Coripe	54,43	110	44,5	Entre 7.200 y 8.300	-4	69	1446	1436	1435	1478
41036	Coronil (El)	54,01	330	40	Hasta 7.200	-5	197	5045	5033	5085	5139
41037	Corrales (Los)	60,88	308	37,7	Hasta 7.200	-1	141	4076	4088	4086	4115
41038	Dos Hermanas	59,62	11377	34,9	Entre 8.300 y 9.300	1032	8849	117564	114672	107258	100871
41039	Écija	55,17	4538	37,1	Entre 7.200 y 8.300	183	2341	39510	39295	38083	37777
41040	Espartinas	61,93	2538	33,2	Entre 10.200 y 11.300	111	427	10485	9177	6546	5566
41041	Estepa	60,24	1368	36,9	Entre 7.200 y 8.300	38	798	12397	12296	12030	11831
41042	Fuentes de Andalucía	51,17	549	40,2	Entre 7.200 y 8.300	-2	201	7365	7353	7398	7491
41043	Garrobo (El)	46,32	83	39,4	..	-3	46	793	812	765	765
41044	Gelves	63,09	1866	34,6	Entre 9.300 y 10.200	116	482	8540	8325	7224	6249
41045	Gerena	51,2	567	38,9	Entre 7.200 y 8.300	3	504	6016	5887	5720	5534
41046	Gilena	60,27	307	38,7	Entre 7.200 y 8.300	6	132	3915	3898	3829	3868
41047	Gines	59,72	2812	34,7	Entre 10.200 y 11.300	105	590	12568	12338	11430	10292
41048	Guadalcanal	44,43	232	42,1	Entre 7.200 y 8.300	-4	110	2994	2970	2946	2959
41049	Guillena	52,62	1057	35,7	Entre 7.200 y 8.300	96	579	9995	9318	8615	8478
41050	Herrera	53,15	646	38,8	Entre 7.200 y 8.300	-5	285	6450	6342	6123	6067
41051	Huévar del Aljarafe	54,25	320	38,3	Entre 7.200 y 8.300	-2	110	2533	2461	2332	2289
41052	Lantejuela (La)	67,77	256	35,8	Hasta 7.200	24	127	3800	3795	3685	3629
41053	Lebrija	56,18	1587	36	Entre 7.200 y 8.300	200	1565	25614	25165	24544	24278
41054	Lora de Estepa	52,47	102	41,3	..	-5	40	829	831	788	781
41055	Lora del Río	56,61	1390	38,1	Entre 7.200 y 8.300	56	725	19194	19077	18663	18720
41056	Luisiana (La)	58,81	332	37,7	Entre 7.200 y 8.300	8	157	4568	4523	4386	4360
41057	Madroño (El)	38,55	13	52	..	-4	15	353	361	369	382
41058	Mairena del Alcor	56,17	2566	36,3	Entre 8.300 y 9.300	130	1330	19363	18710	17315	16788
41059	Mairena del Aljarafe	62,58	6804	34,6	Entre 9.300 y 10.200	297	2461	39389	39065	37464	35429
41060	Marchena	51,59	1612	38,2	Entre 7.200 y 8.300	75	1459	19310	19089	18434	18180
41061	Marinaleda	65,55	127	38,3	Hasta 7.200	12	97	2670	2689	2645	2638
41062	Martín de la Jara	60,46	221	38	Entre 7.200 y 8.300	-5	107	2753	2737	2726	2706
41063	Molares (Los)	60,21	195	36,7	Hasta 7.200	11	156	2991	2947	2759	2652
41064	Montellano	60,09	254	38,1	Hasta 7.200	10	314	7037	6983	6877	6833
41065	Morón de la Frontera	55,63	2671	39,3	Entre 7.200 y 8.300	32	2180	28165	28295	27944	27838
41066	Navas de la Concepción (Las)	52,93	97	42,6	Hasta 7.200	-2	57	1788	1794	1863	1886
41067	Olivares	52,01	1273	35,3	Entre 8.300 y 9.300	89	657	9012	8814	8370	7894
41068	Osuna	57,29	1710	38,1	Entre 7.200 y 8.300	79	853	17698	17594	17285	17221
41069	Palacios y Villafranca (Los)	57,27	2218	34,5	Entre 7.200 y 8.300	352	1796	35775	35225	33711	33095
41070	Palomares del Río	59,67	1369	35,5	Entre 9.300 y 10.200	51	282	5738	5115	4086	3881
41071	Paradas	54,51	473	40,4	Hasta 7.200	21	274	6990	7027	7067	7042
41072	Pedrera	63,69	235	37,1	Entre 7.200 y 8.300	15	242	5161	5136	5001	5008
41073	Pedroso (El)	48,77	95	40,8	Entre 7.200 y 8.300	-5	137	2259	2296	2308	2379
41074	Peñaflor	54,15	233	39,9	Hasta 7.200	-14	119	3740	3719	3703	3827
41075	Pilas	59,81	808	36,3	Entre 7.200 y 8.300	66	427	12478	12171	11654	11421
41076	Pruna	60,22	155	40,3	Hasta 7.200	-1	108	2950	3006	3067	3219
41077	Puebla de Cazalla (La)	55,27	432	37,8	Entre 7.200 y 8.300	10	617	11013	10952	10600	10649
41078	Puebla de los Infantes (La)	54,35	190	42,2	Hasta 7.200	-10	91	3281	3292	3271	3402
41079	Puebla del Río (La)	54,93	1362	36	Entre 7.200 y 8.300	102	763	11851	11570	10832	10654
41080	Real de la Jara (El)	45,97	130	41,2	Entre 8.300 y 9.300	-5	96	1623	1637	1623	1698
41081	Rinconada (La)	59,7	4349	34,6	Entre 8.300 y 9.300	272	2272	34211	33370	30761	29223
41082	Roda de Andalucía (La)	58,56	487	39,1	Entre 7.200 y 8.300	2	198	4397	4382	4214	4206
41083	Ronquillo (El)	48,78	97	42,9	Entre 8.300 y 9.300	-3	56	1395	1392	1360	1394
41084	Rubio (El)	54,93	234	41	Hasta 7.200	-7	152	3548	3566	3622	3700
41085	Salteras	56,15	956	35,3	Entre 9.300 y 10.200	57	258	4692	4391	3611	3227
41086	San Juan de Aznalfarache	53,37	2199	38,7	Entre 8.300 y 9.300	133	1757	19943	20121	20001	20049
41087	Sanlúcar la Mayor	56,57	1661	35,8	Entre 8.300 y 9.300	64	840	12221	11945	11328	11052
41088	San Nicolás del Puerto	47,83	46	43,6	..	-8	28	674	682	689	710
41089	Santiponce	55,63	1094	36,8	Entre 8.300 y 9.300	59	610	7794	7742	7278	7070
41090	Saucejo (El)	55,65	153	39,9	Hasta 7.200	10	175	4428	4379	4268	4259
41091	Sevilla	54,06	73274	39,8	Entre 9.300 y 10.200	2082	45968	699145	704414	709975	702520
41092	Tocina	58,42	908	38,3	Entre 7.200 y 8.300	28	296	9271	9166	8932	8884
41093	Tomares	59,72	4786	34,9	Entre 10.200 y 11.300	237	1051	21099	20705	18992	18196
41094	Umbrete	54,97	1064	35	Entre 8.300 y 9.300	119	428	6779	6385	5206	4982
41095	Utrera	55,74	4244	36,8	Entre 7.200 y 8.300	240	3976	49135	48222	46086	45862
41096	Valencina de la Concepción	59,19	1778	35,6	Entre 9.300 y 10.200	63	448	7796	7650	7220	6839
41097	Villamanrique de la Condesa	58,18	280	37,8	Hasta 7.200	9	107	4000	3936	3757	3787
41098	Villanueva del Ariscal	54,32	910	36,6	Entre 8.300 y 9.300	37	423	5769	5724	5206	4864
41099	Villanueva del Río y Minas	42,9	289	42,1	Entre 7.200 y 8.300	-5	293	5229	5217	5264	5364
41100	Villanueva de San Juan	54,56	77	43	Hasta 7.200	2	65	1409	1420	1438	1493
41101	Villaverde del Río	55,28	579	36,4	Entre 7.200 y 8.300	45	278	6912	6780	6555	6532
41102	Viso del Alcor (El)	53,91	823	36,3	Entre 7.200 y 8.300	111	1447	17714	17497	16597	16276
41901	Cañada Rosal	62,57	169	38	Hasta 7.200	11	105	3122	3103	3044	3018
41902	Isla Mayor	58,92	418	36,8	Entre 7.200 y 8.300	26	205	5759	5798	5937	6044
41903	Cuervo de Sevilla (El)	57,63	425	35,3	Entre 7.200 y 8.300	55	494	8410	8301	7801	7713
